167 2
491
410
463
400
470
412
465
349
495
457
416
306
313
465
468
462
457
378
372
309
456
317
322
331
364
323
455
383
437
306
490
438
374
382
500
479
497
331
484
367
399
406
431
411
354
413
398
305
314
341
325
444
474
345
464
496
414
302
307
434
444
441
356
486
406
357
301
353
394
352
452
333
336
349
414
375
424
438
479
447
453
395
354
480
313
469
402
487
492
455
303
451
471
368
414
438
456
312
439
481
380
379
401
480
377
335
352
397
409
336
338
443
336
430
419
403
367
319
430
455
330
302
497
327
328
495
406
347
460
327
345
323
394
496
326
383
380
448
446
328
499
369
350
418
397
353
331
312
445
349
478
395
392
463
442
495
404
351
363
333
409
369
481
343
435
452
301
