19
726252408 920778096 845348662
957837824 845357605 420008973
498449663 85507647 598217125
263634479 323731796 167879618
475074732 700937483 356044917
407736216 917701894 850044276
697970241 264323259 105441184
151781573 241173317 998157045
647083972 764444031 47009403
138453159 298040782 954776468
74761091 510751890 385905940
463130819 387261088 690695766
172388978 349097275 84521390
827656799 265562743 563209438
756473856 407965252 933587314
552740946 931979411 630777898
922673984 526299425 563597373
442947121 617385449 71815531
168123877 759676203 296203951
